100
95 94
81 36
39 28
89 62
36 23
35 21
36 11
65 39
91 70
63 9
16 6
6 5
70 48
45 8
67 17
82 54
94 81
79 79
9 9
80 67
87 67
34 3
61 14
62 19
94 31
79 3
51 18
81 64
87 84
44 36
94 20
93 54
50 7
46 3
74 5
82 32
90 52
68 4
98 82
36 6
92 2
77 44
49 49
33 22
43 16
84 38
53 52
90 44
87 27
63 55
85 46
99 14
81 7
99 17
40 36
83 8
28 21
40 2
21 15
76 12
6 5
87 79
20 19
23 5
29 21
57 35
58 13
67 63
90 71
100 37
94 79
74 62
14 1
84 34
61 22
93 40
50 4
95 20
75 20
99 90
97 1
75 51
30 13
50 43
62 12
78 43
71 6
83 54
72 64
55 1
75 51
58 56
87 45
77 46
97 2
67 3
76 47
86 17
100 52
93 45
