100
81 48
26 17
66 66
95 81
58 35
100 4
70 43
64 6
43 1
83 35
49 27
90 9
94 34
98 13
53 19
75 26
45 24
73 68
65 51
97 1
72 17
97 55
38 32
94 28
23 19
42 5
38 26
59 17
93 58
100 86
60 36
39 16
89 70
69 58
92 39
56 2
97 48
58 46
88 59
45 4
93 30
60 1
37 26
82 1
53 37
60 24
94 17
78 26
36 17
75 65
80 58
38 1
37 7
82 59
93 64
73 31
78 40
20 9
99 94
6 1
88 49
95 21
41 32
71 61
70 24
46 27
26 20
88 21
22 16
36 15
50 33
9 7
76 53
66 5
57 45
56 27
84 70
50 23
26 9
70 32
53 7
89 23
34 21
56 35
99 85
84 63
86 32
95 7
28 9
58 30
96 78
31 17
90 20
52 45
73 50
94 44
89 70
100 43
55 4
25 19
