100
59 18
97 8
87 1
30 16
47 38
94 32
74 17
45 26
19 16
32 15
87 41
80 47
35 18
100 70
87 51
83 37
66 58
32 28
22 8
87 7
73 35
92 36
79 14
67 63
79 74
64 41
81 30
62 46
97 76
97 75
82 76
50 22
82 65
61 42
69 36
98 94
77 76
92 7
71 20
53 47
84 47
94 57
69 8
74 37
81 57
71 36
76 42
86 12
46 31
98 57
87 9
63 8
83 66
62 47
100 11
84 43
85 49
76 10
85 14
90 38
76 2
78 77
24 16
76 54
98 42
69 19
54 29
99 58
73 68
72 51
60 27
37 29
22 3
95 91
93 56
58 20
78 5
65 46
95 42
84 38
93 62
96 55
65 21
96 12
91 44
73 43
24 5
32 30
60 47
95 48
87 55
96 79
54 17
46 12
29 24
9 6
42 28
87 85
60 48
95 30
