100
43 43
55 55
89 89
71 71
28 28
68 68
100 100
72 72
18 18
52 52
83 83
53 53
36 36
25 25
58 58
93 93
67 67
39 39
86 86
15 15
48 48
95 95
50 50
17 17
23 23
62 62
49 49
1 1
35 35
73 73
40 40
88 88
96 96
69 69
42 42
78 78
85 85
9 9
33 33
57 57
64 64
37 37
87 87
8 8
80 80
81 81
92 92
94 94
79 79
30 30
63 63
34 34
84 84
46 46
20 20
2 2
11 11
22 22
19 19
90 90
61 61
10 10
26 26
41 41
3 3
56 56
66 66
4 4
98 98
13 13
76 76
38 38
32 32
54 54
45 45
6 6
24 24
77 77
82 82
29 29
65 65
60 60
44 44
12 12
21 21
16 16
31 31
27 27
97 97
75 75
70 70
74 74
51 51
99 99
91 91
7 7
47 47
59 59
14 14
5 5
