100
734818338 418154900
301651637 10534985
908632707 334892077
829172860 579141787
414535294 293924102
726156087 237984260
431932024 182350667
711430865 202509136
66843412 47646656
807406015 233114932
526333250 50804842
924689552 70391873
272373728 258633039
746459424 286947788
735670629 556902647
902998239 263361464
281352571 64050296
426984266 186635635
442818714 385866535
284405247 19369122
942037065 644169378
604286274 69538234
381443142 24594145
527851462 23095205
382492439 231141400
790576519 315325447
538398683 361023247
632674481 33684102
846135153 811369875
466509418 325578074
797732535 764363800
654614126 315307323
615230815 20195151
987725745 348753077
736062378 61575058
674347561 194674606
99642950 5747043
524631387 308198487
717871588 604527703
680407064 585331294
490242542 435699865
869386679 62602043
471312418 38600613
772426333 655928059
587435238 189378820
253392604 19036913
913503638 175491659
651648120 76583462
642386973 53971427
617690865 554251920
580424097 32142266
532360184 418525478
756366488 701274231
552881090 518599133
822463937 78368759
991166292 239628354
570390650 532312767
901986218 140555041
953913967 843945357
753805223 191271343
988574613 372650561
638448954 147494984
524396684 217381345
754065034 479653490
463680713 37889064
862914817 601408309
869750338 830289524
547414546 96880719
639164799 28718928
958741774 446110014
937856834 437352728
393964421 215040781
957433871 719324967
678829125 670643480
980133258 672694032
945570700 442970247
786407836 605423730
469940803 201417942
955756649 669555630
407859794 201372061
799867871 650547614
645787943 140054563
793309775 318813266
785970114 753625013
763296158 542104339
710370219 611419244
989928556 135329256
800493203 95761329
699122661 379582619
863375576 115521664
217739315 132916034
560750142 173540444
310397163 83799593
817528856 203555570
787845460 327328071
884119317 871021319
762701785 481723602
549868251 173992629
947705714 30586128
922039326 368850211
