200
910947179 239858210
989097467 261805509
915562665 311257165
479089892 266600924
844312814 618371681
978143638 921216563
505099054 177693872
985336470 596187752
584635293 3899385
921527763 772759985
836461942 261856634
945103881 56346768
668038483 74408519
921691075 859375644
964480786 461232497
340614641 213096127
673525956 385311002
765636433 67733349
801605034 736786441
946143823 593461968
770513750 210139474
539588810 23975974
491760203 220187791
192110329 67473215
717118927 295837652
971900254 143884557
928583411 590887052
623875994 69072822
222969902 25521585
927267987 527778389
506862885 462884548
536684152 403314095
435639629 273839282
873655606 804586175
732971703 278043515
391935451 104286125
518909663 92424673
565207973 164800012
742609649 658406492
650308057 231799355
434649169 149397963
887019505 364611500
989250172 473371214
935990988 16004378
841870783 417318187
598870128 424617307
858018478 98201610
299568186 293955804
573884146 84350407
348431007 165406288
319038381 270582156
449608336 251227934
670239262 78896505
923358068 208564317
780933658 265423777
640602048 295962700
915247183 601121341
396677927 215949540
815948849 715146210
642848520 277657635
261508625 3859798
460688706 81486339
879315559 82555629
770263000 245685928
916802152 99658086
894782084 811498730
457260397 433219083
910609125 403667277
596173763 446012954
764109633 319243876
95167747 9998377
953978778 539480796
951671200 837013604
809488452 735111383
965874961 813376872
897345630 506551226
843793101 372026549
920012952 306792076
508766016 200281297
614801257 456609953
112814675 35754920
916344715 164511276
499045628 466482410
735351675 437274774
972270019 364959373
758507397 643526006
301473232 261683060
744077133 388278493
865366975 269894664
675034614 528576325
895932463 653848630
709521345 107459538
900057858 84628390
641608798 171217187
548823910 519559887
998238939 528019185
583149562 287537101
219369641 24314510
494047021 338984850
442734932 141511951
966759379 458969846
739891917 362973245
983546585 752826293
810680234 497241654
444525220 93034868
206145075 203499866
449970657 157531522
321261319 56986411
502108985 12814603
975713484 878102060
526539818 1005549
846666827 169473364
908601661 736148538
548395276 47016171
962720426 390812912
928029052 712533289
389667493 298751707
112948372 67773809
867213540 846907563
926716159 439869248
529984139 85967400
588433918 75517807
556386720 486726861
147718638 11442288
275569089 71438690
173764240 91110796
618815314 126015054
585439262 115406219
890873097 236325642
661746552 588829573
519830078 380152256
950103113 826846221
823232300 139911488
458125558 49981052
240569349 219496034
702065189 288381417
991080953 737628840
782486014 259065634
825767826 693864056
899649659 519235658
316915398 38337370
520050180 416748071
157632908 141004497
741347967 442426452
963902641 608414544
805163395 802310779
686618828 602284480
396470714 270741656
961114779 174660921
851296596 629592592
680015921 193678018
481631641 178142251
541804741 5590334
280537727 76762629
592037199 212146554
770617184 70986760
788116113 651044126
678793527 79871916
986909993 809175400
606981641 127493245
845469359 38533310
813538748 794419693
706961445 678180102
861557878 288342532
634599141 571905588
944482058 338881852
514338546 112688958
904522762 5070310
604885822 248155499
773159394 23060274
531169950 70641913
808301883 266082934
526280581 142268903
603484953 143934772
769675021 343126500
543754525 266034356
739519813 717583718
338066013 253167610
431411781 251382823
795677074 279169230
470828939 281977373
866776508 408348558
739043518 9847283
595641565 68294330
708587443 327548812
514065600 63749734
907955827 517457698
961556009 694131943
69987036 7254266
192842151 170341575
581420516 195242343
940441679 279905824
984974567 637134760
519860812 279474482
947973934 870248601
710595100 391367796
813909938 207530018
629142613 188228617
470197605 106635455
785502265 1101173
