300
732534339 127209505
87076020 61561520
421056747 182333618
891929910 276194497
37990413 10514433
992673519 893296819
199306716 61927429
436204132 77865007
961726307 759425399
390875749 319025932
824026060 174505333
810030381 325222049
843152192 693465879
147016461 71008698
190879907 44267579
782070134 298857540
762410629 382163771
909235236 378703506
598513001 313173547
272012229 247263079
346366097 250412025
484341118 52659371
867539439 66413339
494605708 230698220
395822451 112240437
924218812 902002703
668237835 602173764
948473172 656925796
837812251 699097351
628531837 403828755
941079547 489505167
385183658 200205297
467655862 249517561
970403650 526714313
668826488 277331975
756001140 550529306
407735752 269882720
773184958 767142465
193032716 146997191
656786673 129741496
945384860 606033237
761200127 124695296
838457943 133086666
978344403 164136057
343242128 103969213
888162090 786632570
368228291 63290512
939345089 677663009
880567873 391544246
876223925 823343661
749415718 159360473
391832987 139386657
752823383 490543144
538026423 453055350
557261172 67478767
890856190 432552439
850855577 197197621
785266975 233803598
573957735 254225442
501790982 163444042
574806818 557232635
447878092 354620643
591606527 45705795
637454405 351654518
975444462 489067681
817012670 565209294
985533680 856359243
680454888 564534636
608945759 36749601
968499703 775684912
923667523 118324512
297985699 270106723
904156758 134451117
753019102 647840649
840209143 331556510
305985717 189484217
715440648 111265226
240886330 226209072
960056927 940789200
493107581 298072365
551574962 145906735
728531646 641655706
975831309 172724391
845292093 184790928
944181076 750708519
902817781 779196916
709110994 358854365
257979123 76874119
791808443 87880374
698588449 156534570
687806446 537472707
787445161 671315986
134487545 124855908
761211492 354101197
946548889 248938308
771206666 728850901
912188940 812042917
724273416 296486757
917393829 753678488
834608095 129692529
900296385 671591230
868476267 375981380
742405929 427457286
815255445 507062496
746038513 617648231
972519230 67976659
234314674 41060229
660257061 190665072
641871894 172928010
583967009 187334009
276367624 23121534
906442815 262732957
852472664 559721066
756348822 135682044
260537765 190371979
793197465 270053057
434946950 316359722
845451653 37317870
840722252 700464949
559170388 156608578
568599185 223427087
923103766 769167993
533331718 210747398
856105583 199486193
980844014 225953699
988127157 461998983
998692031 685582516
798558420 228263620
115055417 63766961
462973971 155949874
954947877 154891613
630853596 472581123
905008752 398948876
878889355 439031137
668623376 459038954
854951064 157051390
891134807 191122389
897144550 58703846
739143452 136794381
686421429 594216672
943514510 652788309
994601807 569540666
580485485 539304645
842605897 433891334
189364872 62035559
627873224 48134698
128915193 30007404
325308307 65297189
142874167 98187806
306476207 73516880
773705128 545561393
251987175 246734534
546168563 176462548
633188330 227980953
618728485 556514289
858737802 702196816
862844955 92498487
753840920 343079299
638649795 282252843
618594592 514971723
316667870 158234820
157027967 26412895
251714266 40665670
585786093 137063089
784549465 641016021
611718533 358848314
734090272 718346888
464508340 140751571
771635382 679047707
365523334 254060130
210361179 4249136
864722966 488638245
362198058 209204714
994209304 181779850
839966829 565587085
723385777 217021152
594102392 537785826
736019157 180057328
356447701 111237246
715901257 64893320
869611213 325467077
422584931 72773958
404382584 284943298
882995453 842123813
975153867 765180934
488768764 289257278
439735878 314647474
535358328 332116272
341943140 195003638
829673743 264389080
777306143 702556162
633214203 627044166
872739352 688872658
644094824 594971610
799204455 671590486
904360473 201980052
927040696 442397960
749940523 609191554
844275882 445336190
366584821 279169679
523049737 208657264
584478054 267936477
803722585 396743510
138656181 61122017
827848887 82083155
732600444 54172737
643345983 634926458
592999914 390095390
848024830 833514454
699170768 214632399
954191112 113597911
112380381 92506253
248657631 71250996
715014551 173647070
314622171 152371340
461023735 98403982
890628465 848500082
415615687 182983167
775379707 206349809
991231434 560515669
263368227 39605526
509381260 328208898
578014199 104474656
254551018 38509728
955736225 682610972
467779161 99072109
664304943 291501494
688837756 382447126
916173892 398454172
480673872 387816750
996170364 184389638
814596075 647146701
668322011 583877691
941116054 404051149
822603360 731416127
962056166 156812944
964572366 604355274
935714137 462817575
847469197 191471460
489178094 282710436
935694067 721842547
898085228 576835746
795365929 524581655
848272494 259247373
815940342 696587297
138483880 14820351
972811123 514939397
996042505 557053694
813052528 549862798
549401459 396641951
697253852 300063262
655076026 578617771
710997629 158935224
822056210 818852199
784593400 712062263
884938061 435348635
833905701 692996882
990937485 873798519
569837691 50187175
619743961 199248565
429669523 136291948
797886619 488721906
944393406 429912010
798082858 623875634
777339661 11930202
961079385 398056861
398573210 5944966
690163051 435303518
658381867 191343109
741170876 359957987
118510830 47559352
442660701 434487730
358806185 329074112
912389328 59285296
644781896 314517138
976328837 162246425
574873521 402193343
949669751 622308481
790973517 174248153
997113568 705160607
780041888 423478300
400593311 162646763
727282961 69304292
933363445 608531642
433945482 306228627
887562867 391431253
764334356 631658866
634703017 256768742
780114999 582989687
428271100 373335063
326933426 319774543
883882566 497568971
742448898 418932487
566098842 434727245
552126836 528594469
517067232 474894796
391159961 84140986
960860189 595160122
312353043 235706956
993851861 712033511
