300
89567609 15765613
8146765 4112359
4363567 4209858
48615628 4991324
81894272 6714830
9704088 3588714
3910031 3860069
27339733 5093910
3783666 3457323
17680322 15632135
24039523 9875049
8051835 3438464
11002100 4860905
126956216 8124016
5359725 4168301
14036246 12542707
262942013 26516712
21681635 5157034
6635135 3462364
8042264 3773363
8321733 5364295
9213124 5266985
69917286 5963711
5428256 4300962
18929370 13522218
7627478 5051682
7213640 5307985
157932296 4184670
19716980 5678715
13615653 9724090
145194002 4297291
7557470 4911928
9735874 5244978
6480634 5795345
86175187 3834671
20836943 13217570
8627480 3348004
7507949 3736184
11981724 3521579
9727557 3804329
5835268 4530442
9232678 4898801
10163073 7261898
15273246 11961223
77966646 5676176
8442493 5895387
6542283 5144864
131970211 3386935
4442583 3941143
29118039 5965811
10268450 6212551
8294755 6496661
12466047 5839524
7289576 3616979
19245709 4726325
5365823 5248853
13733741 3816132
14619217 6100119
6471285 4430911
4425991 3396530
27466202 8158175
9177342 4506853
5179694 5016101
5350460 4034042
335834937 4864682
12204305 6545626
6965224 5124746
9462714 3345085
10816140 5166394
17176374 5238832
24924659 4907226
9445100 7754328
20237674 10226121
34178444 14102037
69955330 8957353
25889257 4963172
7443157 3813933
5799371 3539884
6552882 4501292
10026540 4419631
4735732 4589071
6440954 4224272
10858909 7098416
21624297 6309881
26423988 6367570
4214982 3686552
1000000000 3840617
6509517 4311331
15346897 8892371
179583709 12998555
39657695 9891434
11475169 4152195
6189585 3983183
4931442 4556611
17459798 14912621
94196377 40259431
16996717 5934281
44861223 3800009
8869858 3514747
35266117 15538244
9191499 3642737
12100165 3524319
3654416 3502005
5654870 4087699
5292430 4189173
7120550 3812611
14917355 7127759
21083527 3866483
5654835 4103190
7721298 5360132
6136561 3818841
14430815 7804283
16055703 5013252
24533521 8900507
10414543 9102842
18240086 4499291
3866590 3631655
24189867 3544006
5524087 3819549
6780959 4550164
8419615 7231967
5972728 3514611
12749412 3596278
3949698 3919887
5894363 5377459
63567580 3811339
17961954 6435555
29586565 13679367
17760150 3414066
14457947 8003720
346190555 7387925
9535312 4289076
7707136 3913538
282845773 3702092
4171191 3338210
13793702 4984460
3447568 3404318
9637933 4689354
5123699 4242507
6914374 3954134
6246581 4553679
42184649 3381566
30920601 3573408
16400148 4094243
4025410 3959984
10017385 6532800
105956636 4607366
16396810 8414352
6661394 3763699
24263579 13406751
1000000000 3640728
6091532 4911195
10055071 6343018
221494542 6382230
25794385 5228342
6163395 4202137
13771086 8166169
23782980 16251832
12465946 4777152
7014998 5991239
16728517 4154324
6152072 4479335
23433848 6840998
5368203 4617714
57475885 5839428
11063123 8068927
4595813 4209097
23815992 20816763
7433197 3618085
24275904 4713440
7406779 4393898
52842695 24756067
17278116 5283934
5906967 4735168
11369332 4423372
16818151 4584217
5537882 5471036
20216252 4499403
8340044 4217802
10102079 7889731
33623316 4615434
12698623 3628574
10457273 5742891
4092769 3629200
14224832 10459920
404497994 5221458
36303164 24861051
49451121 3591099
32576005 4154425
18746776 3951235
5427543 4524505
4198345 4060169
7733842 4187289
4969039 4073279
4335675 3420982
11133164 6736439
11214246 4405688
20313620 12998964
3728236 3408836
5819466 3360406
8903910 3334738
178808585 5308608
136314584 4132598
3659915 3349125
73879068 7438099
4732415 3819517
31245732 12864607
118974270 11267603
7552838 4406728
111372644 6038635
17012444 3882187
5118255 4107201
10084180 4314382
5545441 4203279
25865667 5525157
15504706 5438806
329110822 24930758
7183961 6887855
5302543 4646586
23153639 4838763
4453083 3398041
10978333 6773709
4879238 4162817
16246108 6368379
42955308 5054346
3591280 3388628
3407347 3335517
5929747 3997183
29933988 18308552
5053685 3660116
5975862 3987038
17956716 3497139
47769549 15908631
65730717 5844576
29530741 11616754
33506220 10371563
16721590 4132393
17658897 3389745
11967865 4048046
43276902 4669838
31359442 17444820
20499537 6705771
46601074 3511647
44103915 15198947
8111188 3526377
9896076 4698172
16523124 3772274
9663095 5977072
8278767 5363815
5375585 5147820
8954098 6410730
56532855 7160770
3681189 3567068
5146476 3611925
20816213 3402528
4303481 3469817
13592210 6740774
6072117 3569990
8479098 3891067
13259556 4921559
21408686 3693524
3824136 3361645
6862111 6859917
6032410 1
6799554 4594600
7367964 6999286
11067789 7243269
19079718 4301426
8737773 5024679
8316588 3390963
59328718 4868303
124402170 14831921
13389521 4205878
5452569 3888505
31975178 24206533
4620957 3925638
7632926 7281445
5646426 4770289
10292071 4044915
4357073 3431565
20609474 3479511
10435369 5552304
54655905 4958848
15951523 5308299
13027496 7181765
19753767 14916906
8726619 4918631
36515085 9970020
9328476 8539433
8591379 7307580
17896162 5339342
19006728 11395529
4578692 4407626
43360560 4092393
11222038 5144081
8842194 3912869
3708406 3556837
21717670 9055747
16121164 5809934
4968777 3346432
