300
89352566 79580660
6802034 4676383
12975158 8884008
6075917 5631490
102964043 3967176
14592533 4628333
18662575 11374041
6513509 3970605
45004730 5693126
5338457 4784248
93473252 8796576
3874032 3761234
4352008 4100281
10881753 6085134
9174628 7093107
27017412 4732386
13372406 3365651
8397943 5401469
21333057 6918750
5967107 4961954
7062080 3800395
8111655 3705512
24788413 3387430
12183319 4958419
13340854 3512690
3790024 3722377
6160340 5689174
87201584 21412385
14322162 3457743
14163939 5155291
33708850 7038940
69971356 19414251
7393199 5938807
28073909 3339732
9064573 5264104
4470875 3953626
17572673 6638727
6334703 3505272
6936399 5757700
5148067 5094350
5102550 3546222
10363972 4837305
14539786 4212528
7157808 1
6444296 3595345
19484183 4329617
23607810 7006157
63110589 3686957
26505232 8679052
9247054 6214973
31885608 19028128
19449525 6464057
4068033 3664539
8485657 5678670
30492934 7686715
157432718 11027731
61706987 11868047
6684683 3733588
10849872 6911289
6660158 4992620
4546163 4291655
4735968 3947696
5923282 3495513
20550495 18684067
44446417 5252382
17648824 3774791
10345144 5087704
8422509 7229785
37387610 3664861
5060750 4219353
710565512 27787165
13786797 3659406
10740415 6668620
12990844 3484166
3702332 3583966
163302309 5979783
10867745 4563625
7608634 4643092
9802738 4071238
172185416 104351303
14986229 3532530
255299495 9203032
103019386 6741598
15307728 3750816
12263305 5186107
10398609 7525870
7860859 5052753
73480084 6459759
69657685 5866958
16942541 16501178
4538059 3994735
49644177 22294742
4670068 4101113
43506030 3698938
9910045 3952665
10535496 7377020
21687452 4311863
9111986 3334121
5672751 4410058
18086272 9546216
4503306 4355502
50412625 7443964
17936280 3347701
107305715 5493668
7411760 4780734
15708433 3569370
8493711 3808540
497337037 12114547
13147185 5125009
17685104 3703183
27921887 3478036
6154063 3951802
9117313 4721727
5236637 3725426
10917280 7279472
20538346 7462763
26938403 3995393
8842670 4310792
151006717 54804228
40004382 4302100
16604845 11566487
26094525 13071360
17859843 7414320
12814414 5220444
31380914 14026262
3586742 3398694
35809160 22512945
4852970 3640609
62727862 10011510
12247532 3400391
16295911 3362864
3947837 3866025
10162489 4090530
7383431 3393762
21322841 8881047
5813432 3597930
5216740 4903546
19595148 5433384
8709912 4214479
64639989 9239213
6517382 5600473
30581715 5050911
31481187 4942430
28820504 26650676
5725718 3395929
8876617 4277638
7965391 7407302
9307157 3816041
4323789 4007390
45828953 10715317
20200291 3336603
6460614 3651006
6823659 4479643
4845130 4609752
19834607 4199657
7131657 4270143
16527192 10336956
19949115 5347522
5358888 3385197
13412525 6495431
43240240 23895811
22271271 3568844
9808177 4342688
21552337 3669118
15310508 10445474
17155850 4261864
14279558 10983164
168568488 3667396
504777416 111147268
54996578 18417671
36196343 11151395
8898175 3380720
24057316 5394624
6254992 3705947
15159953 4259777
20566725 6450197
6060874 3429737
85357345 3715337
4575708 3869145
7543345 4688144
11948208 8173607
5091297 3425497
3814831 3569943
5212368 3358747
19966019 5963137
69118543 8254975
14287668 7062204
13768231 4290161
16239183 4200115
12235591 10209141
11728990 4822505
7157420 4770505
69885493 4876927
137045281 9437856
9796950 5936921
615469832 20272629
18366569 9997697
4411681 3735870
20270984 5905551
8762831 4996461
13590475 6784390
14156415 9724186
1000000000 13701372
27418980 3419381
41521802 12784906
29049591 12318297
15902072 3649902
238262231 174727069
13344144 7314495
44095416 4786901
16973365 3716710
12537352 5480958
15591143 9272134
6202068 4248322
4606653 3405632
19453465 11947887
3786831 3359364
35089597 3841821
7344778 3383851
6552560 3339333
7021602 3452347
6566019 6115864
34067095 17630159
4775605 3669228
36995970 3399340
8919589 3823316
26015354 14501500
17173163 16075011
13700579 9002383
9544189 3857060
8762625 6379741
17594743 5813145
9141750 3916687
28277259 10471333
80722819 4150636
22015455 4071040
56924258 4687781
9095390 4642213
9985758 5743765
3338087 1
19646595 4990089
154948705 76867287
5401501 4121392
16610528 13137739
16199907 5168479
10099833 8267398
4454913 3984060
7956987 3369061
13722475 5093912
107414523 11754808
4834860 3481121
11421721 7821853
31471087 3456089
4755527 3703614
7456887 4975619
8343007 5597816
4461026 4419129
10346024 5847438
17929828 10502536
29752901 18602385
10524900 6703791
6230670 5519675
8778680 3528793
19788551 10034521
5400731 4452055
3793826 3554386
7986449 5786543
3846752 3845154
4740852 3457139
6887626 5561149
4090446 3427730
6653031 6089384
33177099 13635238
11576130 7700813
247655112 34451774
5558641 4984738
48850602 6973830
7135858 3818199
8706719 4299067
4103260 3514970
4852692 4649022
114814465 4457828
82341929 5007972
7142142 4148692
11366916 10340820
11433737 5544198
47740100 3467592
6336116 3491008
38828475 6742702
72254841 3649233
8167643 3759371
24352305 5776352
49576987 5238696
8528898 4122529
14579605 3685805
6638252 5192926
5916777 3663971
127477756 3573229
23997931 20735069
12789691 7683510
