300
5876366 491089
29425311 547950
4632334 1941077
3437086 1161521
3364485 2723024
3413096 65842
4023220 1530578
5989549 3029102
4014142 2189241
5701249 981
8362881 2093794
10059654 1549731
8063925 1572743
4139590 2587626
9814297 1393433
3636076 3140163
4397730 2931077
8278407 1087927
25501936 936508
4004710 2349966
18461939 474417
6860640 583233
54119285 2989833
6253981 324722
8129122 2171620
15232923 1095966
3605496 2307822
6348026 576757
4896522 2798065
20366416 2379959
5496150 1699012
3748903 900021
18032592 676940
5208825 3125394
7600333 2696685
16856553 917530
3398742 629678
38105142 3263935
3495303 2857891
4675620 2480946
6396117 414306
4477859 1876429
3357509 1370749
4740250 1797000
18912230 291852
7657012 670597
3482908 707547
5102309 2811968
3873448 536028
9502710 486069
3627455 1615643
11074686 2550377
3797860 2507861
4422048 679424
21415794 2970773
3384899 3032744
15854675 2600732
14968398 2531271
5012823 1594336
3993366 2400459
3543724 2838526
6020984 1117404
4195402 2508805
4039188 1523382
3523161 895377
14468739 2800989
17231143 747271
187201065 1706313
3333333 753851
63016030 3026063
10795356 641426
6804862 1485727
12539403 737734
4843299 267580
5165467 3193717
7985634 501502
150056376 2162260
7861698 2954540
36360975 1788194
4062191 1051718
5072986 1478997
12176329 466533
6174048 840509
83857194 1812319
9212368 2918209
11812857 1020028
8764788 2468896
7801484 2377726
14713855 3247020
4182792 2770171
3341960 1664848
4913208 48354
4237687 2259137
8580267 1034596
6140592 2956400
11513324 3328583
3954483 1941632
5032649 2341649
3982116 2370459
23954241 945527
19844200 1216536
5846782 2856469
3822924 822108
3699345 525199
7728573 623922
28335485 108707
5285066 2850662
27323503 847379
9007648 1008353
3860953 1887831
10413174 2748456
3943534 1430665
4576659 3010680
47354374 921548
4985473 1578908
6708172 19221
8924916 3198892
5636476 2123215
9713872 1483359
10279671 1020161
4050640 1564754
9615837 1796223
15537581 355345
4590366 2312280
4957621 943138
33199151 1151740
4340886 2802014
20876924 3165142
5439604 1892595
5144168 1595788
4164202 940531
3387355 2124172
6520722 344279
3889193 1933199
16497903 732911
744371394 1210466
4690353 697675
42256957 2044283
34708203 850823
50511332 533776
26381313 651987
4248449 2283539
10168270 3244605
5583434 2872081
9301257 2648037
372924508 2147754
7067384 2920360
3713573 813318
11660888 1836520
7279959 1358902
6571666 480389
107394214 1651139
23273131 2547724
7114769 1823684
13569386 1477622
3570731 442334
11991839 129031
3773190 3062567
5947664 185725
5663492 229811
3782908 813884
6962289 1077386
7923070 2948961
4306881 858887
4661041 2997239
4563090 2923578
4715169 1786252
6300652 791153
3449146 1433852
5609814 2566502
5262405 3016145
7476714 1813864
3845448 475716
40032907 688284
3432511 3044967
9108858 257883
4353242 479756
31815853 593636
22632087 2336280
7162970 1502313
58168643 1464080
4290041 1557125
4409831 1935890
4869765 566355
3690285 3079076
44655742 2715683
3473521 1492483
3613970 604562
8843982 2990633
5917174 3170260
3965524 930993
12741652 1606573
4385745 1917310
17622760 1431486
6063991 1389643
5123117 3244975
5767771 604557
13784996 1877934
3592191 887751
8433849 2195621
4259310 1607541
8671546 1027774
4504610 2129606
3653348 1954251
4765599 458869
3662329 542212
3583859 2193660
4443515 988036
11369977 2376230
4517686 1664793
4465190 2959666
3371244 2979013
125046980 392408
3763547 1391028
3676254 472418
13339397 149303
4327007 1994461
5187018 2153718
4940503 2447259
3547246 1880797
5417334 3106831
3410462 2956487
4227023 2616867
21985456 334693
10530729 1422925
5052702 2416994
3559585 1325803
6482541 2164824
4791221 167462
10943238 1657135
4491664 2530951
3913364 718678
5462156 1618928
3739429 2760455
19385036 2230929
7020796 2683265
3929468 1571012
3424947 2164069
9392213 495891
4079777 1275
6219445 1572810
4278938 1895296
16154197 1304128
4646613 1899372
9935461 798743
6107617 2083982
4097515 866456
5308003 2401283
5547411 43105
14232537 3052157
3510533 768207
5739512 2000735
12366584 2634394
7216655 41757
10671138 1526460
4115408 1955812
24726958 3129116
3897391 753815
13141723 3220059
4127446 3289927
68610431 947820
4540274 1703526
6444942 3270307
11209836 1115254
4618201 2302830
7344383 264046
4373873 2318500
249108879 2068311
3838216 2234497
14004771 1988035
5329140 1037075
3807754 883876
94154640 2906107
5521616 1558007
6762270 1533175
3461290 127271
3378048 3031630
3535880 3034018
3727911 1304707
3644761 3287123
6623411 1547027
5383686 772519
3350117 1409813
4604212 2160994
4151842 2977932
5807008 1125089
6667022 2830816
30602324 1985161
8195623 1450662
5362036 3325782
5230893 337723
12926285 1098344
6917339 2514919
7409958 1159338
4817119 1174933
4207982 151936
8506295 1530985
75471474 1061652
7531239 1335432
3502891 1587699
