300
4513447 683464
3959364 1495791
44221110 2725229
20148957 424765
3643295 2840784
12573578 2744689
5852407 156074
4921402 569965
93225136 2282960
4536128 2960868
3663202 2064897
4549007 1581356
5466777 2309591
5918962 2320250
3438023 2980079
9387963 1031391
10518699 2817737
9498410 931951
4795356 2663299
4691164 2312692
4180945 1027576
3822854 589183
3540916 1332621
8192804 1949655
5558153 2915201
3784771 266408
4115716 2586951
11580964 1298528
5114544 950381
3597959 696926
22461013 2960413
57522078 2655787
6265342 2402479
6391219 799418
3838457 592239
7821584 531037
21213179 1382677
3559651 476028
4124878 2421210
9942950 2157498
4744612 140761
82866787 1524333
4705327 3126673
3704554 3141478
3428666 3152982
7060864 379789
3611435 2842135
3522452 589858
24506535 1190499
74580108 1719295
4162112 980395
4415574 356813
10407884 2817390
3740632 1082170
10042412 3012799
49852467 397659
3486317 357780
5432822 1323457
27132235 2766591
6701648 1272744
5144279 2619734
8893965 2116258
3886041 2154478
5776446 3020861
4001346 1505265
3637414 2943032
5488239 1281078
10144393 496490
3359830 3129754
6115680 1033791
21819269 1794005
4437114 2682230
7256352 794441
17536776 2651935
106259308 2162263
7165483 2602773
16075378 204723
30149792 619803
3870049 1158088
148365846 2154340
3800032 2931126
3807377 1412491
4297988 784515
737857372 1485710
67800098 965923
31406033 138033
4357135 2319255
53413358 637793
7641094 2890328
9821694 886968
15747309 134970
8582195 2358172
4347887 3088589
3412229 3004874
4965295 1145031
4470709 2011969
3442750 773079
6806128 1986416
6845638 3316434
3433328 3332495
3670475 2432674
3755475 2629304
5262234 596964
3909872 478852
16774307 1804620
9174600 516465
4134121 44884
7766531 3096720
6072306 1481733
10992742 2038414
26196641 1793929
3683534 62381
5008419 44076
28063580 2688950
12405520 3097313
3498813 190902
3617546 1497230
3586019 2860146
8111687 923032
6343523 570938
6473113 2847934
29066566 2720960
3993061 3078475
5378765 263499
25323419 1583549
3649221 434578
12054365 2978534
14838810 828786
11413124 848087
3591967 3134071
6943183 1721020
6296534 1656184
3631197 2784329
14326001 2013766
4769849 856291
8051631 2485778
41764381 325397
6189426 2896541
9611486 2973013
6439637 2271455
3344481 160580
5193118 1452448
5522975 1420557
6755693 1996293
4894362 158596
3473910 1616367
6664764 3129691
5162749 1563419
5700440 1130969
4993190 2915991
3926231 1335057
4448794 1518669
23081470 2656561
4288905 2464260
4373117 26319
3459693 2645724
7896792 1246895
3379621 2131165
3553886 3085688
123638205 678327
18771517 2157592
3355704 2130393
8970720 35147
6159677 2893564
4062002 2899777
4258704 1192851
4044418 528630
5603363 958982
11119598 2495085
8818877 3203234
5663182 251580
5639748 2504620
3333333 470450
3711293 1114706
4035840 3169278
8492797 1075381
37687240 1330807
7121213 2095318
13572001 1253081
4595426 1914132
4152660 2978849
4618992 922267
5826745 2187153
62150090 1044714
4394243 1689546
18324577 384307
5056092 690379
4948743 3036205
10749315 2726989
4209746 3021828
6576677 1036788
11753814 2039622
32771513 363341
4642801 278288
5580613 3149120
4825728 1223307
46860809 3170568
5411967 2293238
3516905 2979582
11250079 359303
39670779 2364748
5326018 2108712
6628462 2995849
4719640 535995
246614433 2085969
8360004 3195206
5345968 398946
3676979 2963891
11901813 3127949
4106635 2638443
3363983 2415101
4199949 3311947
7570993 546414
4239079 1268390
14065528 1613929
10869361 2611597
10632469 2782099
4219633 317588
9280056 1024332
3535261 2986624
10274450 1103950
3368165 486957
7210522 3317249
5801427 2683592
3893648 448641
23740705 1337321
4500872 3035233
3777575 2719929
3400503 861263
3416802 1372104
368928686 725233
3454873 2436712
17898424 829198
3762525 1642048
3697866 2054354
9071515 1215228
4851955 3287194
5293934 1714726
4867616 529395
3854189 1060211
8275560 1585310
4488422 3070393
19632317 201257
5036876 2286459
7001529 616143
4666857 1032450
4018519 1233743
3511398 3292993
7520219 2273783
8652368 3251630
5987379 299436
7452470 1335968
5085150 1211068
3942728 363598
5892492 2962291
20693523 2093092
6885801 522713
15432363 1587961
34261127 1047698
17147070 126703
6029543 964274
7693946 1172572
35892609 430252
16417407 419106
14558833 1736410
6219609 730169
3395474 2090668
12747146 1902222
3976141 985275
4572099 666493
7385930 1505280
13372241 2520164
6507103 2447805
4278512 2526373
3383885 765322
4088624 1670669
8724051 680566
3572786 1672021
4810461 3311625
13814358 629733
6541620 2395652
13179253 3236883
8425716 2668846
3464548 1985929
184960825 1320542
12959599 549169
5945800 152422
9703360 1657339
4338727 2545713
4318261 300148
5243120 2142804
7320567 789083
19191157 3204989
7973460 1743688
5738191 371063
3725905 1868842
4070769 981185
12211684 1484138
15129767 1778499
5223847 2098167
