300
134366 123255
134508 123397
134546 123435
134585 123474
134580 123469
134357 123246
134397 123286
134372 123261
134377 123266
134402 123291
134376 123265
134615 123504
134559 123448
134548 123437
134576 123465
134449 123338
134347 123236
134442 123331
134595 123484
134450 123339
134550 123439
134571 123460
134583 123472
134489 123378
134596 123485
134335 123224
134374 123263
134469 123358
134410 123299
134398 123287
134531 123420
134427 123316
134413 123302
134519 123408
134530 123419
134558 123447
134445 123334
134422 123311
134549 123438
134446 123335
134591 123480
134488 123377
134400 123289
134380 123269
134382 123271
134533 123422
134500 123389
134512 123401
134609 123498
134522 123411
134570 123459
134330 123219
134539 123428
134332 123221
134378 123267
134337 123226
134504 123393
134333 123222
134536 123425
134601 123490
134379 123268
134553 123442
134327 123216
134492 123381
134490 123379
134605 123494
134426 123315
134518 123407
134607 123496
134457 123346
134600 123489
134346 123235
134403 123292
134334 123223
134430 123319
134611 123500
134564 123453
134465 123354
134360 123249
134391 123280
134434 123323
134471 123360
134392 123281
134448 123337
134435 123324
134433 123322
134443 123332
134618 123507
134421 123310
134552 123441
134496 123385
134574 123463
134437 123326
134396 123285
134563 123452
134480 123369
134521 123410
134411 123300
134362 123251
134617 123506
134468 123357
134567 123456
134438 123327
134356 123245
134390 123279
134428 123317
134417 123306
134476 123365
134614 123503
134416 123305
134350 123239
134325 123214
134561 123450
134355 123244
134604 123493
134464 123353
134503 123392
134349 123238
134581 123470
134336 123225
134414 123303
134472 123361
134342 123231
134551 123440
134555 123444
134453 123342
134554 123443
134384 123273
134358 123247
134478 123367
134474 123363
134463 123352
134331 123220
134575 123464
134590 123479
134406 123295
134461 123350
134412 123301
134415 123304
134484 123373
134621 123510
134534 123423
134487 123376
134568 123457
134592 123481
134370 123259
134455 123344
134499 123388
134409 123298
134525 123414
134401 123290
134582 123471
134540 123429
134348 123237
134501 123390
134388 123277
134425 123314
134364 123253
134510 123399
134589 123478
134586 123475
134385 123274
134483 123372
134587 123476
134344 123233
134515 123404
134393 123282
134373 123262
134420 123309
134616 123505
134367 123256
134524 123413
134389 123278
134507 123396
134361 123250
134451 123340
134482 123371
134495 123384
134556 123445
134407 123296
134340 123229
134351 123240
134493 123382
134603 123492
134466 123355
134584 123473
134363 123252
134345 123234
134486 123375
134498 123387
134517 123406
134477 123366
134328 123217
134447 123336
134419 123308
134329 123218
134395 123284
134470 123359
134577 123466
134497 123386
134562 123451
134579 123468
134341 123230
134375 123264
134505 123394
134459 123348
134354 123243
134458 123347
134623 123512
134610 123499
134440 123329
134494 123383
134542 123431
134527 123416
134371 123260
134560 123449
134452 123341
134506 123395
134535 123424
134352 123241
134431 123320
134353 123242
134381 123270
134475 123364
134557 123446
134598 123487
134460 123349
134620 123509
134339 123228
134578 123467
134429 123318
134432 123321
134526 123415
134405 123294
134491 123380
134439 123328
134509 123398
134593 123482
134538 123427
134545 123434
134502 123391
134588 123477
134511 123400
134479 123368
134423 123312
134441 123330
134532 123421
134485 123374
134619 123508
134359 123248
134612 123501
134520 123409
134599 123488
134386 123275
134399 123288
134424 123313
134573 123462
134514 123403
134326 123215
134338 123227
134544 123433
134369 123258
134608 123497
134418 123307
134444 123333
134436 123325
134523 123412
134528 123417
134594 123483
134383 123272
134481 123370
134541 123430
134537 123426
134622 123511
134513 123402
134602 123491
134565 123454
134606 123495
134543 123432
134462 123351
134387 123276
134394 123283
134456 123345
134529 123418
134566 123455
134368 123257
134613 123502
134547 123436
134365 123254
134572 123461
134569 123458
134343 123232
134467 123356
134408 123297
134454 123343
134624 123513
134473 123362
134404 123293
134597 123486
134516 123405
