300
13454325 1354535
13454326 1354536
13454327 1354537
13454328 1354538
13454329 1354539
13454330 1354540
13454331 1354541
13454332 1354542
13454333 1354543
13454334 1354544
13454335 1354545
13454336 1354546
13454337 1354547
13454338 1354548
13454339 1354549
13454340 1354550
13454341 1354551
13454342 1354552
13454343 1354553
13454344 1354554
13454345 1354555
13454346 1354556
13454347 1354557
13454348 1354558
13454349 1354559
13454350 1354560
13454351 1354561
13454352 1354562
13454353 1354563
13454354 1354564
13454355 1354565
13454356 1354566
13454357 1354567
13454358 1354568
13454359 1354569
13454360 1354570
13454361 1354571
13454362 1354572
13454363 1354573
13454364 1354574
13454365 1354575
13454366 1354576
13454367 1354577
13454368 1354578
13454369 1354579
13454370 1354580
13454371 1354581
13454372 1354582
13454373 1354583
13454374 1354584
13454375 1354585
13454376 1354586
13454377 1354587
13454378 1354588
13454379 1354589
13454380 1354590
13454381 1354591
13454382 1354592
13454383 1354593
13454384 1354594
13454385 1354595
13454386 1354596
13454387 1354597
13454388 1354598
13454389 1354599
13454390 1354600
13454391 1354601
13454392 1354602
13454393 1354603
13454394 1354604
13454395 1354605
13454396 1354606
13454397 1354607
13454398 1354608
13454399 1354609
13454400 1354610
13454401 1354611
13454402 1354612
13454403 1354613
13454404 1354614
13454405 1354615
13454406 1354616
13454407 1354617
13454408 1354618
13454409 1354619
13454410 1354620
13454411 1354621
13454412 1354622
13454413 1354623
13454414 1354624
13454415 1354625
13454416 1354626
13454417 1354627
13454418 1354628
13454419 1354629
13454420 1354630
13454421 1354631
13454422 1354632
13454423 1354633
13454424 1354634
13454425 1354635
13454426 1354636
13454427 1354637
13454428 1354638
13454429 1354639
13454430 1354640
13454431 1354641
13454432 1354642
13454433 1354643
13454434 1354644
13454435 1354645
13454436 1354646
13454437 1354647
13454438 1354648
13454439 1354649
13454440 1354650
13454441 1354651
13454442 1354652
13454443 1354653
13454444 1354654
13454445 1354655
13454446 1354656
13454447 1354657
13454448 1354658
13454449 1354659
13454450 1354660
13454451 1354661
13454452 1354662
13454453 1354663
13454454 1354664
13454455 1354665
13454456 1354666
13454457 1354667
13454458 1354668
13454459 1354669
13454460 1354670
13454461 1354671
13454462 1354672
13454463 1354673
13454464 1354674
13454465 1354675
13454466 1354676
13454467 1354677
13454468 1354678
13454469 1354679
13454470 1354680
13454471 1354681
13454472 1354682
13454473 1354683
13454474 1354684
13454475 1354685
13454476 1354686
13454477 1354687
13454478 1354688
13454479 1354689
13454480 1354690
13454481 1354691
13454482 1354692
13454483 1354693
13454484 1354694
13454485 1354695
13454486 1354696
13454487 1354697
13454488 1354698
13454489 1354699
13454490 1354700
13454491 1354701
13454492 1354702
13454493 1354703
13454494 1354704
13454495 1354705
13454496 1354706
13454497 1354707
13454498 1354708
13454499 1354709
13454500 1354710
13454501 1354711
13454502 1354712
13454503 1354713
13454504 1354714
13454505 1354715
13454506 1354716
13454507 1354717
13454508 1354718
13454509 1354719
13454510 1354720
13454511 1354721
13454512 1354722
13454513 1354723
13454514 1354724
13454515 1354725
13454516 1354726
13454517 1354727
13454518 1354728
13454519 1354729
13454520 1354730
13454521 1354731
13454522 1354732
13454523 1354733
13454524 1354734
13454525 1354735
13454526 1354736
13454527 1354737
13454528 1354738
13454529 1354739
13454530 1354740
13454531 1354741
13454532 1354742
13454533 1354743
13454534 1354744
13454535 1354745
13454536 1354746
13454537 1354747
13454538 1354748
13454539 1354749
13454540 1354750
13454541 1354751
13454542 1354752
13454543 1354753
13454544 1354754
13454545 1354755
13454546 1354756
13454547 1354757
13454548 1354758
13454549 1354759
13454550 1354760
13454551 1354761
13454552 1354762
13454553 1354763
13454554 1354764
13454555 1354765
13454556 1354766
13454557 1354767
13454558 1354768
13454559 1354769
13454560 1354770
13454561 1354771
13454562 1354772
13454563 1354773
13454564 1354774
13454565 1354775
13454566 1354776
13454567 1354777
13454568 1354778
13454569 1354779
13454570 1354780
13454571 1354781
13454572 1354782
13454573 1354783
13454574 1354784
13454575 1354785
13454576 1354786
13454577 1354787
13454578 1354788
13454579 1354789
13454580 1354790
13454581 1354791
13454582 1354792
13454583 1354793
13454584 1354794
13454585 1354795
13454586 1354796
13454587 1354797
13454588 1354798
13454589 1354799
13454590 1354800
13454591 1354801
13454592 1354802
13454593 1354803
13454594 1354804
13454595 1354805
13454596 1354806
13454597 1354807
13454598 1354808
13454599 1354809
13454600 1354810
13454601 1354811
13454602 1354812
13454603 1354813
13454604 1354814
13454605 1354815
13454606 1354816
13454607 1354817
13454608 1354818
13454609 1354819
13454610 1354820
13454611 1354821
13454612 1354822
13454613 1354823
13454614 1354824
13454615 1354825
13454616 1354826
13454617 1354827
13454618 1354828
13454619 1354829
13454620 1354830
13454621 1354831
13454622 1354832
13454623 1354833
13454624 1354834
