1000
560 560
613 613
781 781
998 998
453 453
768 768
22 22
271 271
175 175
504 504
322 322
569 569
368 368
213 213
47 47
421 421
452 452
145 145
134 134
55 55
83 83
98 98
430 430
891 891
662 662
785 785
356 356
214 214
224 224
218 218
205 205
602 602
772 772
733 733
184 184
460 460
269 269
540 540
819 819
44 44
352 352
108 108
884 884
393 393
150 150
402 402
682 682
865 865
595 595
155 155
539 539
290 290
247 247
530 530
162 162
716 716
336 336
49 49
391 391
72 72
956 956
160 160
139 139
209 209
225 225
398 398
249 249
62 62
840 840
410 410
12 12
591 591
916 916
675 675
304 304
161 161
860 860
930 930
748 748
158 158
652 652
852 852
704 704
379 379
240 240
320 320
698 698
448 448
711 711
117 117
940 940
301 301
450 450
273 273
412 412
650 650
111 111
637 637
102 102
921 921
913 913
857 857
122 122
11 11
153 153
638 638
289 289
297 297
871 871
252 252
669 669
115 115
809 809
259 259
228 228
889 889
239 239
795 795
660 660
370 370
935 935
285 285
726 726
622 622
979 979
472 472
890 890
385 385
272 272
843 843
617 617
478 478
473 473
131 131
231 231
300 300
60 60
392 392
551 551
353 353
409 409
961 961
141 141
296 296
861 861
864 864
796 796
904 904
915 915
343 343
33 33
488 488
868 868
144 144
65 65
174 174
724 724
874 874
550 550
848 848
201 201
354 354
867 867
709 709
850 850
776 776
9 9
406 406
842 842
431 431
229 229
826 826
898 898
558 558
687 687
53 53
110 110
1000 1000
126 126
171 171
963 963
649 649
806 806
929 929
765 765
932 932
25 25
351 351
566 566
164 164
405 405
215 215
751 751
973 973
659 659
7 7
603 603
993 993
35 35
277 277
186 186
344 344
817 817
573 573
590 590
907 907
786 786
787 787
327 327
561 561
374 374
425 425
757 757
766 766
833 833
70 70
56 56
499 499
243 243
497 497
528 528
361 361
517 517
994 994
713 713
564 564
841 841
282 282
536 536
671 671
509 509
634 634
705 705
715 715
983 983
791 791
958 958
686 686
911 911
208 208
853 853
308 308
482 482
318 318
952 952
416 416
188 188
159 159
485 485
522 522
763 763
319 319
738 738
700 700
668 668
557 557
444 444
844 844
165 165
312 312
364 364
984 984
863 863
931 931
610 610
59 59
587 587
609 609
400 400
69 69
31 31
90 90
419 419
196 196
720 720
886 886
67 67
507 507
235 235
428 428
859 859
48 48
851 851
334 334
513 513
544 544
483 483
816 816
407 407
146 146
311 311
194 194
389 389
100 100
133 133
674 674
520 520
934 934
858 858
223 223
173 173
75 75
635 635
745 745
490 490
872 872
437 437
333 333
130 130
835 835
440 440
914 914
546 546
643 643
813 813
882 882
606 606
775 775
730 730
712 712
15 15
903 903
524 524
633 633
691 691
61 61
480 480
623 623
211 211
449 449
827 827
658 658
204 204
147 147
970 970
50 50
317 317
498 498
394 394
262 262
286 286
41 41
788 788
982 982
8 8
779 779
197 197
191 191
742 742
168 168
263 263
976 976
626 626
287 287
962 962
933 933
752 752
922 922
559 559
23 23
45 45
275 275
142 142
944 944
525 525
54 54
593 593
323 323
274 274
754 754
920 920
107 107
20 20
680 680
3 3
988 988
899 899
651 651
892 892
744 744
797 797
782 782
152 152
87 87
846 846
89 89
86 86
601 601
475 475
953 953
284 284
124 124
255 255
746 746
579 579
257 257
832 832
341 341
647 647
951 951
418 418
771 771
594 594
968 968
777 777
905 905
717 717
678 678
769 769
242 242
219 219
138 138
396 396
283 283
753 753
316 316
101 101
572 572
455 455
369 369
476 476
805 805
395 395
837 837
309 309
964 964
625 625
576 576
404 404
873 873
270 270
695 695
901 901
99 99
685 685
734 734
600 600
910 910
119 119
554 554
185 185
992 992
639 639
125 125
37 37
355 355
562 562
849 849
627 627
298 298
189 189
928 928
246 246
770 770
203 203
314 314
856 856
77 77
570 570
486 486
481 481
248 248
596 596
387 387
432 432
697 697
989 989
822 822
640 640
972 972
347 347
244 244
279 279
521 521
690 690
439 439
92 92
701 701
46 46
764 764
451 451
32 32
798 798
981 981
759 759
96 96
644 644
29 29
629 629
912 912
589 589
30 30
129 129
51 51
380 380
665 665
140 140
210 210
598 598
375 375
584 584
977 977
251 251
949 949
151 151
321 321
103 103
148 148
348 348
326 326
694 694
337 337
616 616
461 461
57 57
836 836
917 917
615 615
592 592
515 515
471 471
403 403
93 93
459 459
604 604
607 607
295 295
238 238
477 477
514 514
462 462
464 464
588 588
132 132
52 52
456 456
43 43
978 978
371 371
642 642
885 885
383 383
422 422
202 202
496 496
909 909
731 731
339 339
342 342
434 434
493 493
661 661
120 120
377 377
76 76
666 666
281 281
975 975
177 177
288 288
936 936
563 563
689 689
359 359
79 79
417 417
630 630
948 948
256 256
258 258
413 413
187 187
664 664
81 81
950 950
655 655
253 253
925 925
179 179
721 721
109 109
793 793
641 641
526 526
774 774
222 222
415 415
149 149
324 324
121 121
85 85
467 467
735 735
887 887
207 207
4 4
699 699
292 292
804 804
608 608
227 227
918 918
681 681
519 519
883 883
84 84
491 491
469 469
667 667
438 438
13 13
217 217
800 800
718 718
532 532
906 906
66 66
758 758
586 586
585 585
543 543
780 780
535 535
693 693
847 847
676 676
732 732
814 814
823 823
261 261
397 397
105 105
280 280
996 996
104 104
291 291
631 631
305 305
266 266
329 329
373 373
442 442
657 657
825 825
443 443
458 458
792 792
719 719
923 923
879 879
755 755
310 310
834 834
648 648
508 508
445 445
893 893
411 411
902 902
195 195
692 692
632 632
783 783
599 599
967 967
555 555
582 582
618 618
926 926
946 946
264 264
545 545
549 549
959 959
299 299
620 620
807 807
378 378
429 429
95 95
307 307
937 937
506 506
254 254
401 401
293 293
420 420
365 365
360 360
313 313
170 170
500 500
40 40
830 830
653 653
137 137
294 294
454 454
367 367
803 803
495 495
468 468
463 463
135 135
919 919
340 340
330 330
810 810
163 163
338 338
870 870
178 178
457 457
612 612
985 985
479 479
646 646
624 624
710 710
366 366
894 894
568 568
19 19
997 997
260 260
357 357
575 575
877 877
221 221
927 927
580 580
388 388
706 706
503 503
302 302
552 552
501 501
581 581
414 414
966 966
523 523
767 767
325 325
683 683
670 670
597 597
212 212
181 181
941 941
577 577
945 945
234 234
656 656
24 24
784 784
128 128
854 854
548 548
722 722
636 636
484 484
73 73
94 94
820 820
106 106
68 68
376 376
199 199
812 812
556 556
839 839
216 216
987 987
176 176
628 628
896 896
123 123
747 747
278 278
143 143
276 276
435 435
78 78
991 991
169 169
268 268
762 762
688 688
408 408
794 794
957 957
426 426
64 64
943 943
881 881
707 707
614 614
236 236
654 654
97 97
897 897
995 995
1 1
127 127
245 245
542 542
167 167
350 350
386 386
729 729
332 332
200 200
27 27
527 527
534 534
743 743
875 875
611 611
192 192
831 831
811 811
358 358
739 739
512 512
855 855
306 306
26 26
773 773
14 14
999 999
583 583
118 118
974 974
42 42
761 761
541 541
828 828
866 866
28 28
18 18
756 756
63 63
547 547
237 237
673 673
346 346
895 895
845 845
91 91
621 621
331 331
6 6
183 183
494 494
714 714
156 156
969 969
505 505
708 708
226 226
182 182
447 447
679 679
553 553
220 220
737 737
876 876
71 71
954 954
82 82
749 749
801 801
198 198
232 232
725 725
510 510
824 824
818 818
250 250
829 829
533 533
736 736
677 677
516 516
531 531
36 36
80 80
10 10
924 924
172 172
328 328
703 703
815 815
116 116
789 789
335 335
16 16
265 265
578 578
571 571
113 113
233 233
511 511
955 955
17 17
880 880
433 433
696 696
567 567
193 193
474 474
58 58
206 206
74 74
241 241
537 537
441 441
529 529
645 645
960 960
362 362
684 684
180 180
390 390
39 39
518 518
869 869
574 574
166 166
466 466
382 382
723 723
778 778
799 799
112 112
862 862
760 760
965 965
619 619
878 878
446 446
980 980
267 267
372 372
939 939
900 900
38 38
34 34
88 88
605 605
230 230
838 838
399 399
303 303
157 157
908 908
114 114
492 492
502 502
740 740
750 750
381 381
728 728
136 136
489 489
190 190
427 427
790 790
21 21
345 345
538 538
424 424
808 808
986 986
888 888
436 436
315 315
702 702
470 470
938 938
727 727
672 672
2 2
663 663
423 423
971 971
947 947
363 363
384 384
349 349
821 821
990 990
565 565
487 487
802 802
5 5
465 465
741 741
942 942
154 154
